# L = 2^5 3^3 5^2 7^1 11^1 13^1 17^1 19^1 29^1 31^1 37^1 41^1 47^1 53^1 59^1
# p0=193, p1=6337 
433 1597 3191 5167 5741
409 743 1063 1259 1973 15313 65519
103 1231 1559 1597 2089 35531 58057
23 409 1259 2377 5641 7789
79 131 1063 1429 2861 10601 35531
151 211 1231 1871 4217 23869 58057
151 373 1061 1559 4663 5641 1375879
79 113 239 1597 5851 12401 114479
73 89 109 1223 9349 17137 44839
23 199 239 281 23311 44839 61007
89 101 1061 1801 39293 40699 44839
89 151 1301 1559 1973 3191 58057 61007
79 233 239 1481 1973 4217 5851 61007
73 311 463 739 1973 9859 188189 338777
83 373 433 1061 1973 34781 38351 39293
109 349 443 1481 2089 2377 10601 35531
659 1063 1301 1481 2089 2551 4591 12401
107 1301 1483 1559 2089 2861 4217 38351
71 311 701 1223 2089 3571 5167 21319
211 701 739 911 2089 3571 65519 10471319
109 271 701 1871 2089 4523 6733 61007
107 181 739 911 2089 5741 205201 10471319
107 271 373 463 2089 10601 244529 3631031
67 433 739 1801 2089 12401 44839 61007
67 311 571 1559 2089 15313 339151 1375879
43 107 131 443 2243 2377 6733 1375879
373 443 739 911 2243 2543 5741 35531
73 151 419 1559 2243 2729 5641 205201
109 1223 1429 1481 2243 2861 3761 10601
61 239 1871 2243 2969 4591 205201
107 311 443 1259 2243 3761 338777 3631031
43 89 211 1801 2243 5641 7789 23311
151 271 443 1801 2243 10601 38351 44839
113 151 211 1231 2243 20399 58057 10471319
419 1063 1801 2377 2551 6733 10151
233 419 571 593 2377 2861 5741 23561
131 683 701 1259 2377 4217 4591 244529
151 233 743 1481 2377 4523 4663 23869
109 233 349 1871 2377 4591 5851 40699
181 307 521 1231 2377 4591 17137 65519
23 409 521 701 2377 5851 17137 244529
107 181 521 1063 2377 23561 58057 244529
79 463 571 1429 2377 27259 35531 10471319
73 151 739 1061 2543 3571 5167 40699
109 211 239 1231 2543 3761 23311 10471319
83 271 739 1801 2543 5641 19081 205201
73 181 953 1559 2543 5851 15313 20399
83 233 373 1429 2543 5851 58057 10471319
109 1259 1483 1597 2543 10151 44839 61007
101 419 1061 1301 2551 2969 4591 10151
71 73 79 1259 2551 3191 6733 61007
311 1061 1301 1597 2551 4217 10601 39293
23 43 199 739 2551 4217 23311 205201
23 43 67 83 2729 3571 244529 1375879
71 239 281 593 2729 3761 5741 39293
61 131 151 307 2729 4591 7789 205201
211 239 463 683 2729 5741 12401 39293
67 83 149 349 2729 5741 23561 39293
571 593 1223 1429 2729 5741 40699 55351
211 307 373 433 2729 15313 35531 44839
67 131 701 1801 2729 20399 23311 23869
83 199 281 409 2789 2969 10601 338777
149 233 1429 1559 2789 3571 20399 3631031
89 101 271 443 2789 6733 23311 339151
71 79 743 1481 2789 7789 10601 65519
83 101 199 409 2861 3191 4663 9349
89 433 953 2861 4217 34781 244529
131 181 379 953 2861 4523 23869 55351
109 281 307 521 2861 5741 23561 10471319
233 373 571 1559 2861 9349 38351 44839
109 1063 1597 2861 9859 17137 23561
23 409 911 1231 2861 23311 27259 65519
101 109 151 1063 2969 3191 55351 338777
131 379 443 1597 2969 4663 65519 339151
199 373 521 1429 2969 17137 38351 244529
307 419 571 1063 3191 4523 5167 61007
43 113 271 1597 3191 4523 38351 40699
83 151 233 593 3191 5167 5851 55351
79 199 409 443 3191 5641 6733 17137
131 239 521 1483 3191 9349 34781 244529
149 239 1301 1871 3191 9859 40699 65519
23 83 89 1301 3191 23311 55351 65519
151 683 1223 1301 3191 38351 58057 10471319
149 281 443 659 3191 61007 93809 188189
379 443 463 1429 3571 4217 21319 1375879
113 151 409 3571 4523 15313 23311
307 1231 1301 1429 3571 4523 40699 55351
71 233 419 743 3571 9859 12401 35531
71 131 199 1559 3571 12401 61007 93809
61 233 953 1483 3761 4523 12401 188189
