23
43
61
67
71
73
79
83
89
101
103
107
109
113
131
149
151
181
199
211
233
239
271
281
307
311
349
373
379
409
419
433
443
463
521
571
593
659
683
701
739
743
911
953
1061
1063
1223
1231
1259
1301
1429
1481
1483
1559
1597
1801
1871
1973
2089
2243
2377
2543
2551
2729
2789
2861
2969
3191
3571
3761
4217
4523
4591
4663
5167
5641
5741
5851
6733
7789
9349
9859
10151
10601
12401
15313
17137
19081
20399
21319
23311
23561
23869
27259
34781
35531
38351
39293
40699
44839
55351
58057
61007
65519
93809
114479
188189
205201
244529
338777
339151
1375879
3631031
10471319

