59
61
67
71
73
79
83
89
101
103
107
109
113
131
137
139
149
151
163
173
181
197
199
211
223
229
233
239
251
271
281
307
311
349
373
379
409
419
431
433
443
461
463
491
521
571
593
599
601
647
659
683
701
739
743
751
811
859
881
883
911
919
929
953
991
1033
1103
1117
1223
1231
1259
1289
1291
1301
1427
1429
1481
1483
1549
1559
1567
1597
1721
1801
1861
1871
1973
1979
1999
2069
2089
2161
2351
2377
2393
2437
2543
2549
2551
2591
2729
2789
2851
2861
2969
3037
3079
3181
3191
3331
3499
3527
3571
3761
4001
4003
4049
4217
4409
4523
4591
4663
4751
4861
5167
5279
5641
5741
5849
5851
6449
6733
7129
7253
7309
7481
8161
8527
8693
8741
8929
9349
9547
9859
10151
10529
10601
11593
12401
12959
13159
13339
14431
14629
15313
15391
15581
16073
17137
17389
17981
18353
19081
19609
19927
20089
20399
20747
20899
21319
21757
22679
22877
23311
23561
23869
25759
27551
29303
29327
34781
35531
36191
38501
40699
40849
44549
46747
48299
48761
51169
51679
53299
55351
60631
60761
62929
65519
67339
77141
78301
84319
104651
114479
144479
188189
197371
199751
235751
241489
244529
289169
289477
305369
326369
339151
486329
620311
650761
812701
815671
932177
997151
1015057
1182521
1276001
2374289
2546837
3631031
4702699
6232799
10958809
28338463
