23
43
59
61
67
71
73
79
83
89
101
103
107
109
113
131
149
151
163
181
197
199
211
223
233
239
251
271
281
307
311
349
373
379
409
419
433
443
463
491
521
571
593
647
659
683
701
739
743
751
811
881
883
911
929
953
991
1223
1231
1249
1259
1301
1429
1481
1483
1559
1567
1597
1801
1861
1871
1973
1999
2089
2351
2377
2543
2549
2551
2591
2729
2789
2861
2969
3079
3191
3331
3499
3571
3761
4217
4409
4523
4591
4663
4751
4861
4999
5167
5279
5641
5741
5851
6733
7253
8161
8527
8929
9349
9859
10151
10529
10601
12401
12959
14431
15313
15391
15581
16073
17137
17981
19081
19927
20089
20399
21319
23311
23561
23869
27551
34781
35531
36191
36251
40699
46747
47501
51679
53299
55351
60761
65519
78301
114479
188189
199751
244529
289169
305369
339151
932177
997151
1276001
2208751
3631031
4702699
6232799
