23 79 131 197 307 647 2029 47431
43 101 113 181 463 883 3719 244529
41 59 67 89 307 911 1429 15313
37 197 199 311 911 3191 15313
53 61 131 181 271 571 881 1429 3719
23 199 233 241 349 647 2729 4523 23561
37 67 251 307 311 647 3719 4751 11831
53 59 61 419 463 683 701 2089 4409
37 41 67 233 251 701 911 1871 15313
113 151 239 307 419 727 811 2029 23561
53 103 239 379 881 1429 1861 3719
43 109 131 307 311 881 1429 2089 2549
23 43 53 59 349 881 1871 2551 3191
113 197 199 271 419 911 1429 1451 4751
79 181 241 307 463 911 1871 2729 3719
37 53 113 239 433 911 2551 2729 11831
59 101 151 251 311 1301 2551 4751 28729
59 79 131 199 349 1429 3079 5851 23869
53 251 379 419 521 571 683 811 1871 5851
23 71 101 311 337 571 727 911 2551 4751
23 59 109 373 463 571 811 1451 4409 15313
43 71 271 337 379 571 1301 1861 2551 23869
41 59 61 307 419 571 1301 3079 11831 23561
233 239 241 251 571 1429 1861 1871 2089
109 239 349 463 521 571 1451 3079 3191 28729
67 151 181 233 241 571 1451 5851 19603 28729
53 61 101 109 373 571 1861 4409 7019 28729
109 197 233 379 463 571 1861 4409 11831 23869
43 59 109 251 307 571 2549 2551 3191 5851
53 109 233 349 433 647 683 701 1871 5851
271 307 373 379 419 647 683 1301 2729 4409
67 101 181 337 419 647 683 1301 3719 47431
23 37 43 181 241 647 683 1429 5851 11831
41 101 251 307 349 647 683 1861 4409 15313
23 53 233 349 373 647 683 2029 4409 19603
37 59 199 349 521 647 701 811 1451 4751
71 199 337 463 647 727 1871 3079 11831
53 109 251 307 311 647 881 3191 19603 23869
37 79 109 181 337 647 881 4523 4751 15313
23 89 239 241 251 647 911 3079 3719 7019
53 79 89 103 197 647 1861 2729 7019 15313
41 79 199 271 379 683 727 911 1871 15313
89 109 131 239 337 683 727 1861 2551 3079
43 67 101 181 239 683 727 2549 15313 47431
241 311 349 433 521 683 811 881 5851 28729
43 131 239 349 419 683 1429 2729 3719 15313
53 199 307 419 683 1871 4751 15313 23561
41 43 53 419 683 2549 2551 11831 19603
43 71 109 151 379 683 4751 5851 7019 15313
53 113 151 199 419 683 11831 23869 47431 244529
53 103 349 379 463 701 727 1301 1429 2729
23 89 233 251 521 701 811 1871 4523 47431
71 79 89 109 379 701 811 2729 4523 7019
101 113 251 271 433 701 1871 2029 2551 23561
37 199 241 271 337 701 11831 15313 28729 47431
61 109 151 271 349 727 811 881 911 2551
131 233 337 433 727 811 881 3191 28729
37 53 181 241 727 811 881 4523 7019
41 67 113 233 337 727 881 1861 4409 244529
61 113 151 233 337 727 883 3079 23561 244529
67 71 79 241 463 727 1301 2549 4751 23869
101 181 233 239 521 727 1451 15313 19603 244529
37 71 89 239 463 727 1861 2729 4409 244529
59 89 103 251 379 811 883 911 2551 23869
101 109 251 271 337 811 883 1301 4409 15313
41 59 61 67 233 811 883 3079 4751 23869
43 89 181 307 463 811 1301 1861 3719 4751
59 79 151 271 433 811 1301 2729 19603 23561
67 103 307 419 811 1429 1451 4523 7019
53 181 239 271 811 1429 1861 2549 11831
53 151 233 311 811 1451 1871 2089 7019
67 71 79 233 419 811 1861 2549 5851 28729
43 59 89 103 379 811 1871 2551 3719 15313
43 67 89 103 349 881 911 5851 23561 47431
67 113 181 197 349 881 1301 23869 28729 47431
59 71 109 373 433 881 1429 1871 2551 28729
67 89 251 271 349 881 1429 2551 3719 47431
59 67 199 251 311 881 1451 2029 2551 4523
79 113 433 463 521 881 2089 2549 4523 11831
89 109 113 251 307 881 2089 3079 4409 4523
67 71 233 239 271 881 4409 19603 23561 47431
23 59 239 307 463 883 1301 5851 23869 47431
37 71 233 241 463 883 1451 1861 1871 2551
41 67 101 239 241 883 1861 2551 3079 3191
53 59 79 101 151 883 1861 2551 11831 23869
61 113 199 433 883 1871 2549 4409 5851
37 67 101 113 311 883 2029 2089 3719 23869
101 113 251 271 373 883 2549 2729 7019 28729
43 181 379 433 463 883 2549 3079 4751 23869
37 59 67 311 433 911 1301 1451 2549 2551
23 79 103 241 911 1301 2029 15313 244529
41 113 197 241 311 911 1451 2089 3719 4409
197 199 241 337 373 911 2089 2729 23561 28729
41 43 181 233 433 911 3079 5851 23869 244529
103 233 307 521 911 3719 23561 23869 244529
79 101 103 241 373 1301 1429 2089 3719 11831
79 419 433 1301 1451 2089 2729 19603
103 109 181 307 337 1301 1451 2551 3719 7019
23 43 311 379 419 1301 1861 2549 11831 28729
41 43 101 151 239 1301 2729 19603 23561 28729
53 59 199 379 419 1301 3079 3191 4523 47431
43 59 113 197 379 1301 3191 11831 15313 19603
131 181 239 251 1429 1451 1871 2029 11831
103 113 181 199 379 1429 1451 1871 2549 19603
43 59 71 113 131 1429 1451 2029 3191 28729
41 113 233 241 419 1429 1861 2029 11831 23561
23 43 109 379 521 1429 1871 2029 2549 28729
41 113 271 379 521 1429 2029 2549 3191 4751
53 131 181 233 463 1429 2551 2729 4409 11831
59 79 103 373 521 1429 2729 4523 15313 28729
23 199 271 419 433 1451 1871 4751 11831 28729
61 101 197 241 373 1451 3079 4523 15313 47431
23 61 67 89 521 1861 2089 2549 4409 23561
53 79 113 241 419 1861 3079 3719 15313 23869
59 113 307 311 433 1861 3079 19603 23561 47431
61 79 101 113 311 1871 3079 3191 11831 15313
67 71 197 349 1871 3191 4751 11831 23869
43 53 71 151 379 2029 2729 3191 19603 23869
23 71 89 103 349 2029 2729 3191 28729 244529
41 61 109 233 337 2089 2551 3079 4409 23561
61 89 271 433 3079 3719 5851 15313 28729
71 113 197 11831 19603 23561 47431 244529
