151 233 743 1481 2377 4523 4663 23869
73 281 1429 1483 2377 5641 5851 604997
43 67 419 1801 2377 22571 34781 604997
67 73 109 1597 2441 2789 4523 604997
131 419 1597 2089 2441 2969 5741 338777
89 571 683 1301 2441 4027 19081 104311
109 1259 1481 1801 2441 4759 2380951 10471319
151 199 311 1063 2441 9349 10151 50387
43 109 131 1483 2551 2861 419803 2380951
109 409 443 1709 2551 3539 3571 39293
109 349 373 2551 3539 1375879 3847271
311 1061 1301 1597 2551 4217 10601 39293
743 1063 2551 7789 23561 419803
181 311 419 571 2729 2789 4027 9349
43 443 1259 1481 2729 3571 5851 419803
307 683 739 743 2729 5641 35531 2380951
23 131 307 419 2729 5741 10151 2380951
67 83 149 349 2729 5741 23561 39293
43 73 233 571 2729 10151 35531 372709
67 199 739 2729 23561 58057 2380951
83 199 281 409 2789 2969 10601 338777
83 101 199 409 2861 3191 4663 9349
23 443 1223 1259 2861 3539 5741 35531
23 683 1063 2089 2861 3539 27259 104311
199 1223 1483 1973 2861 3571 9349 188189
83 233 311 349 2861 4027 9349 40699
151 701 1063 2243 2861 4217 23869 104311
131 181 379 953 2861 4523 23869 55351
109 281 307 521 2861 5741 23561 10471319
101 109 151 1063 2969 3191 55351 338777
103 131 199 1301 2969 3571 3659 4759
23 281 307 2243 2969 3571 50387 3631031
43 311 743 1429 2969 3659 4759 419803
43 67 211 571 2969 22571 188189 10471319
89 109 281 683 3191 4759 23869 40699
683 953 1429 1709 3191 4759 39293 10471319
83 1223 1259 1481 3539 4027 4217 1375879
409 1429 1709 1973 3571 3659 19081 188189
211 521 571 743 3571 4217 21319 22571
103 131 181 739 3571 6733 50387 55351
409 521 701 1483 3571 7789 9349 372709
233 409 1559 1801 3571 10601 22571 44839
109 521 1063 2089 3659 4663 23561 3847271
71 89 743 1597 3659 5741 27259 338777
107 199 1481 1483 3659 6733 9859 3199571
131 373 1061 1483 4027 4523 1375879 3847271
71 83 311 571 4027 23561 39293 10471319
373 1483 1559 1709 4027 40699 55351 419803
23 199 521 1223 4523 4759 23869 1375879
281 701 1483 1801 4523 5641 50387 104311
73 131 311 953 4523 10601 27259 188189
89 349 1973 2243 4663 23561 104311 419803
101 149 659 1301 4663 27259 604997 10471319
71 443 1061 2243 4759 21319 188189 3631031
43 211 409 1429 5641 5741 44839 10471319
373 659 701 1559 5741 23561 35531 40699
43 83 281 743 7789 9349 50387 372709
73 109 281 1483 7789 10151 22571 3631031
307 659 953 1559 7789 10151 23561 39293
23 43 67 743 9349 19081 3199571 3847271
43 953 1063 1973 9349 27259 338777 10471319
181 307 379 409 10151 104311 1375879 3199571
419 953 1481 22571 40699 372709 2380951
131 683 1483 1559 50387 58057 338777 10471319
89 101 373 1559 50387 58057 3199571 10471319
