23
43
67
71
73
83
89
101
103
107
109
131
149
151
181
199
211
233
281
307
311
349
373
379
409
419
443
521
571
659
683
701
739
743
953
1061
1063
1223
1259
1301
1429
1481
1483
1559
1597
1709
1801
1973
2089
2243
2377
2441
2551
2729
2789
2861
2969
3191
3539
3571
3659
4027
4217
4523
4663
4759
5641
5741
5851
6733
7789
9349
9859
10151
10601
19081
21319
22571
23561
23869
27259
34781
35531
39293
40699
44839
50387
55351
58057
104311
188189
338777
372709
419803
604997
1375879
2380951
3199571
3631031
3847271
10471319
